111 1 1111. -

- J 1111111 mmm

111 111 1111111111 111111111111111 111 1111111111
· 1111111 111 15111111 11111111111111111.

' 1111111111 zum 11111111 111 1111 6111111 1111 111 61111111 wasia.

' 111111611111111111111111111 111111 1111111111 111111111111111111111111 .

1

1111111111 &aaut 1111 11111111 1111111111111. 111111111111ῐ1111413 ³

1111111111. 1111 315. 1111111111. 11 1111111111 13. 1111111 11111. m
111111 111111. 11111.

,9111111 11111111111111111111 1111111111 111111 111111 111111 11111 11
(1111111111 1111111111, 1111111111] 11111111111111 1111] &cattuso
,81111 1111111 11111 111111 11111 11111 1111111. 11111 11111111 erni
1111111111 1111 1111111111 81111 1111111111 11111111 111111 1111
1111111111 (11111111 1111111111 111111, 11111111111111111111111.

. 1111111111111111111111111 111 1111111111 111111] 1111111

’,111111 111 11111111 11111 11 11111111 11111 1111111] 11111 11 11111 11111
s 11111111611111 1111] 111111 11111 1111111111 1111111111 11111111
111 11 11111 111 11 111111 11111 1111111.. 1111111 111 111

,1111111 111 111 1111111 11111111 1111111 11111111111111111111 .

11111111 111 1111111, 1111 11 111111 11111 111111 ιιιι1 111111 1111111 111

111111111111111 1111111 11111 1111111111 6111111 111 1111111111. *

⁹th 111 11161111111111111 11 1111111111 1111 11111111
11111) 1111111 1111 11111111 1111111, 1111111111 111 111111, 1111111 11111
,1811111 1111 1111111111 1111111, 1111111111 1111 11111111 311111 11
1111111 1111 11111111 11111 11111111 1111111111. 1111111111 1111111
Ι 11111 11111111 1111111 1111111111 1111111 11111111 111 1111111 11111111
11111111] 11 11111 11111111 111 1111111111» 1111 111111111111111
1111111111111 1111 111 1111111111 1111111111111111 1111 1111111111.

-1 1111111111 11 11111111111111111 11111 11111, 1111 111 11111
1111111 (1111111111 11111111111 11111 1111111 1111 11111 1111111111111

, 1. 111 111 111111. 1111. 1111111 111111 1111111111) 111111. 11111111

11111 1111111 1111111 11111111 (111111 11111 1111111 1111111111 111111.
’11111111 11111. (11111111 111111 1111111 1111111111 1111111.
aelium 1111111111 11111 11111111 1111111111111111 111· 1111111
111111 111111 11111 1111111111 11111111 1111 1111111. 11111 11111111, 11111

’ 1111111) 1111111 &men 111111, 111 11111111111111111111111111111
, 111 11111111 111 (111 111 1111111111 11111 1111111111 111111 11111

 

