, y 1111. · 11
1111111 ' . . 11. 1111111111.

[111811. 61111111 1111111 11 11111111.
1111111111111111,1111111111111111111111111.

m

111111111111111111111. 11111111.11111111111111,« ’
1111111111.-11.1111. 11111. uu. 5⁶6. 1111111 11111. 1111 1111111111111
mxu 1111 111. 111 1111111111· 11111111111111111.

Dm 1111111111 hm 1111111111 311111 6111111111 111111·
W 1111111111 111 6111111111111111 11111111 11111111·
’ 111 11 1111111 311111.

Gratum et paoem 111 Christo. 11111111111111111111111111111111 ’-

1111111111 m„ 111 11111611111111111111 1111 111, 111
1111111111 1111 111 11 111, 111 1111 1111111111 1111111111 111
1111 111111 11111 1111111 1111111181111111111 111 111 111
11111 met 1111111111 1111 11111111 1111111111 111111 11111 111
111111 11111 1111 111111 11111 1111111111 11111111 11111· ν
11111 1111111111 111111111111111111. 11111111 111 1111111111
11111 111111 1111111111 11. 1111111111 1111111111 1111111111 ·
1111111 mutu 11 1111181111 1111111111 111 1111111111 111111

111 111111 111111111111111111. 11111 11111111111111111 ’

11111 111111 1111111111 1111 1111111 111111 1111111111 111
111111 1111111111 11111111, 111 1111 1111111, 1111 1111111111 11111
8111111 1111111 11 1111111 1111111111 1111111111 1111111111 11111
111 11 111 111111 111111 11111 1111 11111111 11111 1111 1111111
111111 1111111111 111111 1111111111. 611 1111111 1111 1111111
111111 1111 11111 11111 1111111 11111 1111 1111 11111. ’

611111 611111 1111111 11 111111 111111 11111 1111111111, 1111 s ’

111 1111 1111111111111111111111111111111111 11111 111111,

6111111111 1111111111. 1111 111111 111111 111111 1111111111, ·

111 1111111111 111 1111 11111Ι 11111111 1111111111. 111111.Ι
post 1111, 11111111, 3

Ι, 1111111111 ’ ¹

 

