222. , 2222

2222. 2222 22222 22222. 2222 22 2222 22222222 222222 amm
222222 222222 222222. x ,

222) 22222 2222222222 22. 22222222 2222 22222 2222222 &mim
2222222222 22 222 2222222 2222 22 22222222 2222 22 222222 22 2222
“ 22) ὗ. θ. 2222222 222222 2222222222 22222 22222 22222 222 22222222
, 2222222222 222222 22222 2222222 222 222 2222 2222 22 Ε. o. 222
22 2222222 22222222 222222 2222222222 22222222, 222 22 2222 22222
22222222 22222 22222 22222 2222222222 2222 2222 222222 mm ,
2222222 ,2222 22222222. ,22222222 2222 oculis 2522.

Μ. -

’22222222 ·
, 2222222222 222222.

W

·- [2222222 · J ¹ ’ ’2.222222..
22 222 2222222222 5222222 2222222222. ‘ ·

2. 22222 2222 222 2222222222 2222222222 222 oetam 22 222222 222 222 flu .
2222222 222 222 2222222222 222 22 222222 tum 22222 tum 2222. autent 222
22222 222222 222 222. 22222222. “

2222222222 ex 022222. Archiv. Viam. 222 22222. 62222. No. 226. &gm-
22222 222 232222 m 222. 22222 22222 222 222222 222 2222 22222222.

, Dm 222222222222222 6222222222 3222222 222 &mm

62222 3222222 8222222222 62222222 22 62222222 222 22222 ,

222. 2222222 2222222222 222 2222222222, 2222222222 22
2222222222 marearum 22 22222222 222 8222222222 22
2222222222 22222222 2222222222 62222. Ι

’ (ὅ. 2 2. 2 2222 222 222 arm 2222 noster, 2222222
2222222 2222222222 22222 2222222222 22222 · gd, 2222 2222222

222 22222222 222 §timibtns 2222 222 22222 222222 2 8 nm?
2222222222 2222. 2222222 22222 222 222222222222222. 22. 2.- ot·
222 2222222222 222 2. 2. (2. 22222 22222 22222 2222222222 2222222

222222 222 22222 22 22222222, 2222 22 222222 222 222 22222222

222222 222 222222 22 222 22222 (222 22 222222 22222 2222222) 22222

22222 2222 2222222 222 22222’22222222222222 2222222 2222222222.

 

