77 ’ 7777. 7

,· 777) 777 777 77777 7777777777 7. ε. 6777777 Ι77777777 777 777
· 777777) 777 77777777) 77777777 7 777 77) 7777777777) Ι7777 7777777777Ἰ
7777 7777777 677777 777 7777777777 77 7777 7777 77777 77 „
7777777 7777 777777 777777 7777 few 777 777777777 777777 ¹
.· 7777 77 7777777 7777777777 7777 7777 om 777 777777 77777 77 ‚,

7777 7777 7777 77777 77777 77777) 7777 7777777777 mest
7777777777 7777 7777777777 77777 67777777 1677.. mnu 07
’77777777 77777 7777777 777777 77 77777777. 77 7777 777777
77777 77777 7777777. 777 777 77777 777777 7777 77777 7777
777777 77777 777 777777 77777 7777777777 77777 7777 77 777777 777
’ 7777 77777777 7777 7777777 77777777 7777777 77777 77 77777777 77777

· 777 7777 777 777 7777777 77777 77777777 777777 7777777777 77777 μ
77777777 77777777 7777777777 7777 77777 77777 77 7777 77 777777 ·

7777 777 77777 7777 77777 77777777 7777777 777777 7777777777 77777
777 77777 777777 777 om 77777 7777 (77777 777777 777 77 777 777
77777777 7777 777 77777 777) 77 777 77777 777 777 77777 W«
7 77) 7777777777 7777.

7777 7777777777 77777 7777777777 7777777 ff. 7 77777777 77777 7777
7777 7777 77777 7777777777 777 777 777) 777 7777 777777 777 67777777)

’ Ι77 777777 7777 7777 777 7777777777 7777777777) 777 777777 7777777777

Ι7777777777) 7777) 777 most 7777777777777 7777777 7777777 77777 &am
777 7777777777 777777 77777777 7777 7777777 777 777777 77777777 7777
7777777 77777 777777777 77777 7777777. 7777777777 7777 7777777777)
77777 77 ὅ77777777 777 7777777777 777 777 ¹) 777 777777 7777
77777777 777777 777 777777 77 7777777777 777777 7777 7777) 77777 ²) 777·
7777 77777 777 7777777777 777 77777777 7777777 7777 77 777 7777777
7777 777777 777 7777 77777777 777 77777777 777 7777777777 777777

. mg 7777777 777 77 77777 777777 777777 7777777777.

, 7777 777777 77777777 77 7777 7777777777) 7777777 777777 7777777

. 7777 77 7777777777) 777 7777777 777 7777 7777) 7777 7777777777777

777 7777 7777 7777777777 777 7777777777 7777777 77 7777 7777 77777

’ 7777777773) 77 77777 77777 7777777777 77777 777 77777 07777 7777 777
“ pm 777777 777 777777 6777 777777 vm 777 7777777777 777777
· 77777 777) 77777777 7777777777 7777777 777777 6777777 777777 7777

ammam 7777777 777 aa& mmmm 777777 4)
w . 1 .

· 777777770777777777· 77777777777777777 &mmo
7777 777777ΗΛ77777777777777777. Ι

 

