ι v111

5538

y 511555
57.

5 5555555555 fflmnbebicwm 55555555εὸ55
555555 555 555 5555555555 55555 5555555555
555555555555. 5555555555555555555555555555

· 5555555 ’55555555 555555 555555 555555 ’.5555555555

’. wie 55555555 555· 5555555555551555 5555555555 5555

5555555555 55555 555 55 5555555555 5555555555
555555 5555555555.

. 5555555 555 5555555555 55 5555555555. 5555·

5555 ΙΙΙ. 55555 555 55555555 55555 55 555 55555
5555555555. &ine 5555 (5555555555 555) Stant*
55555) 55555 5555555555.

. met 5555555 55555 5555555555. ’

’55555 55555555 55555555 55 555 5555555555 555555

‘⁶ 555 55555 55555 555 555555.
. 555555 555 &mmmmm 655555 55 55555) 55 5..

55555 55 555 5555555555 55555555) 55555555.

. ’5. 5555 555 (5555555555 5555) (5555555 55555 555555

55 555 55555555 555 5555555555 mit.

' ¹. 8555555555555 555 5555555. 555 55555 5 555 555555

55555 555 555 555555 55 555555.
55 5 55555555 5555 5555555555.

. 65555555 555 5555. 5555555 (5555555555 5555555555

555 55555555 555 5555551555 555 &ulwurm 555 5555555

555 58555555 555 5555. 55555 555 6555555. 555 5555 “

5555 55555 555 55555555 55 585555555555).

., 555555555555 55555555 555 555555 555 5555 555555
555 5555555555 555· 55555 55555. κ·-

..5 5555555555 5555 &namium 5555555555.

. 5. 5555 55555 55 55555555 555 5555555 55 555 55555,
· . 5555555 555 5555555555 55 5555555) 555 5555555

555555 555555. &danim 555 55555555 5555555555 555
55555555 55 5.] 555555 55 555 55555 555 55 555555 6555555
555555 &imon 5555555 (5555555555 5555555555 55555
fane 555 555 5555555555 ’555 555555 5555555555.

, 5. 55555555 55 555 555555 555 5555555555 555 55555555

ibn 5555 555 55555555555555 555 555555 55 55555555. ,

’ 5555555 5. 55555 55 555555 555555 55555555.
5. - · 5855555555 555 5555555555 55555555.

 

