111

4444. “
24444444 ·³5
, 44. 4 4444444444 444 4444444444 444 4444444444 thesi 1
4444 4444 444 444 444 4444444444 4444444444444 met· 1

’ 44444444444444 44 444 4444444444 444 4444444 4444411
444 444 444444 4444 44444444 44 6444444444 (444 44444ς 1
4444444444444444444 444444 4444444 4444444) 444· 4

’34444444 mum

44. mie 4444444444 44444444 44444444 444 4444444· 44444Ι
44444444 4444 44444 4444444 4444444.
46. 4. 44 44444 4444 444 4444 444444 4444 6444444444 ·
- 111111 44444 44 44444. · 1
Ι3. 4444444444 444 4444444444 444 4444444444 444 444
444 444 4444444444 444 64444 44 4444444444 m·
¹ 4444444444. Ι4α4η44144ξ4ο4π4ς46444444444.
. 44. gamag? 141441444141414444444414 4444 4444144444 444-
444νέ4494434 444 “mm ὕψι ω m tm

Γ.

44. 4. ’4444444444 444444) 44444 44 444 4444444444 4444 444
4444444 444· 4444444444 444 4444 44 444444 44444
444444 (s. Seckend'orfL.111. p 279..)
45. ’ 44444 444 4444444. 44444 4444444444 44444 444 444
· 44 4444444444 44444444 44 4444444 444 4444 44444
444 44444444.
. , 4444 444444 4444444 44444 4444444 444 444444 444
· 4446. 444. 4444 444 444444 444 4444444444 444 w·
4444 4444444 44444.

’4444 4444444 444 4444444 444444 444 4444444444
6444444 44 444 4444444444 44444444 4444 444444
444 44444444 4444444444.
4444444444. 4. 444444 444 444 444444 44 4444444444 4444444444
444444 44444 44444444 (44444444. .
43. 4444 44444 4444444444 444444 44 444444 4444 44444
444 44444444444 644444 4444444 444 444 4444444444

1111111111 444444 444·

6. 444 4444444444 444 4444444444 44444 44 44444
4444 444 44444444 44444444.
4. , 4444 4444444444 44444444 44444 444 4444444 44
, 4444444444 4444 444 44444 444444444444444

 

