11191
111111111111 111 111111 1111111111 11111111 1111 1111111111 611111

&alge 11111111 11 11111111 1111111111 11111 11111111 1111111 11111 111
⁸ Ι 111111111111111111111 1111111 111 111 1111111111 11111111.

11111111111111111111111(111 111 111 111 1111111

· 11111111 11111111 111111 6111111 1111111111 1111111 1111 11111

11111 11111111 11111111 111111 1111111111 111 11 1111 1111111 611111

1111111111 1111 11111 1111 111111 1111111111111111111111111 111
111111111111111111111111111611111111111111 1111111 111111 ’

11 1111 111 1111111111 111 1111111111 1111111111 1111111 111111 1111111

11111 111111 (1111111111 1111111111111 11111 11111 111111 11111111 1111·

11111 111 1111111 111111 11111 111 1111 (11111 1111 1111 111 (11111

111111111111111111 1116111111 1111111111 11111111. 11111 11 111

’ 611111 11111 11111111 11 11111111 1111111111 1111111111 111111 1111111.

1111111 1111111111.) 111 111111 111111 1111 11 111 111111 61111111

· 11 111111· 611111 111 11 111 11111111 111111 (11111111). 1111111

1111111111 111111 11111 11111 111111 11111) 611111 11 111 1111111 1111

1 1111 11111111 11111 1111 111111 111111 111 111 1111111 111111 11111 1111·

· 111111 111111 1111111111 11111111 1111 111 1111111111 1111111111111111111

1111111111 111 (11111111 1111111. 11 11.

1111111 1111111 111111 111 11111111 11111 11111 1111 11111 111111·

1111 1111111111111111111 1111 111 (11111111 1111 1111111111111 111

1111111111 111 11111 11111111 1111111111111111 1111 111111 1111111111

11 1111 1111111111] 11 111 111111 1111111111 111 111111 1111111 11111

1111111 1111111111 11111. 111. 11, 11111111 1111111 11111111111111111

1111 111111111111111111111111111111111 1111 1111111111. 1111 111

111111 11111 11111 111111 111 111111 11111111 1111 111111111 11111111

, 1111111111111111111, 1111 &t 11111111 11111. 1111115.) 11111111

111 111 1111111 11 1111111 11111111 111 111111 111111 ema
1111111,111111111111111111111111 11111111 111 11111 Ι

11111111111111111111111111111111111111111111111

“ ’ 11111111111111111111111111111111111111. 11111111

1111 111111 11111 111 11 111 111111 11111 11111111 11111111111111111

(11111 1111 6111111 11111111 11111111 111111111111111111111111111111

· mit 6111111111 111111 (1111111111 1111111111 11111111111111111

' 6111111111 1111111111] 11111111 111 111111 11111 1111111111 11111111

111 111 1111111 1111111 1111111 1111111 111 11111111 1111111111 6111111

11111 11111111 111111Θ11111111 1111 111111 11111111 111111 1111111111

'mmmwmmmwmmwmm

1111111111 1111 11111 111 1111111 11111. .

 

