04536. · · 'u

111111 1111 1111 111111111111111111 1111111111) 11111 ’1111111 ‘'

1111111 111 1111111111 11111 1111 111 11111 11111111 111111 1111 m· Ι ,
ungunta? 1111 111111 11111 611111 11111111 1. 1111111. 1.1 11111·
111111116111111111111111 111111111111111111111
1111111111 1111111111 Ι1111 11111111111111111111111111

’11111111118111111111111111111111111111111· · ·
MUMMJ 111 11161111111·Θ111111111 111111 ·

1111111111 1111111111 11. 11111111111111111111111161111111
111 bem 111111 111111111111111111 1111111111 111 11 11111111
1111111111 11 111111 0111111111 11111111111111

1111111 11 111111111111111111 1111111 11111 111 1111111111
111 1111111 1111111111 11111 1111111111 111 111 61111 11111111
1111111111 11111 1111111 11111 1111111111 11 1111 11111111 11111
111111 111 11111 111 1111111111111111111111111. 1111111111
111 111 61111111 111 11 11 1111111111 111 1111111 61111 111 111111
111111 111 1311111111 11111111 1111111 1111111111 1111 111111
,01111111 1111111111 111111. 111111 1111111111 11111 111 111111
111111 1111 11111 111111 111111 111 1111111 1111111111, 111 1111
1111111111 1111111111 1111111111 1111 1111111111 1111111 1. 111. 11
11111111111111111111111111111 11111111111111
11111111111111111111 1111 1111 1111111 111 1111111111 1111
1111111 .
1111 11111111 61111 11 111 11111111 11111111 11111111 11111

1111111 1111111111 1111 1111111111 11111 1111 11111111 (1111,

11111111 1111111111 11.,11111111111111111111 1111111 6111111111
1 1111111111 111 111111611111 1111111111 111111611111111111

111111111111111111 111 1111111111 1111111111 111 111111
; 1111111111 111 (11111111 111111 111111.

. 1111 11111111111111111111111111111111111111
ι 111111111111111111111111 1111111111111 11111111 111 111111
1 1111 1111111111 111111 1111111111 111 11111111 1111111111 11111 111111.

1111111111 11111 111 1111111111 1111111111 11
111111 111 1111 11111111 11111 1111111111 11111 1111111 1111 11111·
111 11111111 111 1111 1111111 1111111111 11111111, 1111111111
1111111111 1111 1111111111 111 11111111 11111 1111 1111111111 11111-
111111 11111 111111111111111 111-1111111111111111111111111 ,

’1) 11. 1111111111 1111111111 1111111.

 

