„ 1111. · · 111·
’1111111 ’1111111111
¹ 111111. 1111111.

1111111111 11111 1111111 111 11 111111 1111111 11111111 1111 1111 1111111111 11
ἒὲἕξξζῗέωῆὴῐ 111111 111111 11111 111 1111111111111 111 1111111111 111

*ιιι-

1111111111 111111. 1111111111. 11251. ἕ. ί11191111111 111111111111111111

91111111111111 11111. 1111111111 1111111111 1111111111

1111 1111111 111 1111 1111111 111 111 11111111 11111111 111
111 111111 111111 11111111111111111111111. 11111 1111111111
11111 1111111 6111111111 1111 111111, 111 1111111111111111111-
1111111 1111111 111 1111111 11111111 111111 11111111 111111. 111,
111 1111 111 1111111111 11 1111111111 111111 111 11111 111 1111111111,
111 111111 1111 11111111111111. 1111 1111111111 1111 11111 111
111111 1111111 1111 11111 111111 111 111 111111 11111 11 1111111111,
11111111 111111 1111111 1111111111 111 11111111, 11 1111111 1111111111
11111111 111 111 11111111111111, 111111 11111111111111111111
11111 1111111111 11 11111 11111111111111111111 1111 11111111
111 111 11111111 1111111111 111 111111 111111111111111111111,
111 1111111111 111111111111111 1111111 1111111 11111111 111
11111 11 1111111 1111 1111111 111 111 111111111111111111111 1111111
111111 1111111111 111 111111111111111 1111111 11111 11111 111111
111 1111111111111111111 1111111111111111111111111111 111111.
111 11111111111111111111 111 111111 111 (11111 11111 11111
1111111111111111111 1111 11 1111 11111111 1111111111 11111·
1111111 1111111111 111111111 111 111111 111 1111 111111 1111111
111111. 11111111 1111 111111 1111111111 1111111111111111111 be·
11111111118111111111111 1111. 11111111, 1311.

1111111111 1111111.

,11 11111 , Ι- N⁰.MMchxv111. ·

. - Ι 1111111111111111111.
’ 11111 111111 111 1111111111 111111 11111111111611111111.

 

