1111. :¹ ·11ἰ

11111111. mm ‘m νέῃείῐοώ 3113 vt. 1114 11111 111111 411
. 1 9.

11111 8111111111 31111 3111111111 1111111111 1111111111 ¹

¹ 11111 8111111119

ΨῘ111111111811111 1111111111111111111111111111111111 ’ ,

1111111111 1111 11111111 11111 1111 1111111 1111 8111111111 1111
11111 11111 111111 6111111Δ 111 11111111111111111111 1111 11111111
’1111 1111 11111111 1111111111 111111 1111111 11111111 11 1111111111
1111111111 111 111111 111111 1111111111 111 1111 11111111 1111
11111 11111 11 1111111 11111 111111 11 11111 1111111 1111 1111111111 111
1111111111 111111 1111, 14111 111 1111111 1111 1111111 1411111
1111.

11111 11111111111111111 111111 11111 1111111 111 111111
1111 1111111111 1111111 111 1111111111 11 110111 11111111111111
1141111111 11111111 1111 111 111111 111111 11111111 111 11111111
11111111 111 11 111111 111111 1111111 111111 1111 1111111111 111
1111111111 1111111 11111111111111, 111111 1111 11 1111111111
1111111111 8111 11111 11111 111 1111111111 1111111111.’) 11 111 1111111
1111111111 1111111 1111111111 6111111111-11111111111 1111111111
111 1111111111 1111111111 111 111 1111111 111111111111111111 11111111.
1111111 11111111 11111111 111 1111111 1111111111 1111111 1111 111111
11111111 1111111111111111 11111 1111111 1111 1111 111111 11111
1111111111 111111111111) 111111 111111111111111111111111111

, 1111111 1111 1111111 11111. “

, 1111111 1111111111111111 1111111111111111411 11111111 ·'

11111141111111 11111 1111111111111 1111111111 111111 11111111
Ξ1111111111111 11111111 1111 1111111 ’11111111 1111 111111 11111 ·
1 11111 11111 11111111 11111111 1111111111 1111 1111111111111111111
¹ 111 111111111111111111 11111111 11111111 11111 111 11111111 1111Ι
J 11111111111111111111111 111 1111111114 11111111111111111 1111111
1 1111111111 1411111111 1111111 1111111. 111111 11111111 1111111
; 1111111111 111111 1111111111 11111111111111111111111 1111 11111111
1 1111111111 11111 11111111 1141111111 111. 1 ¹ ·

ῑ 111111 1111111 11 11111 11111111 11111 1111 1111111 1111111111
s' 11111 111 11111 1111 1111111 11111111 111111 1111 ,11111111

’1111111111 1111111 11 1111111111111111111111111 111111 111 6111111111
ss 1111111 11111 11111111 1114. 1111111 1111 1111.

 

