111Ι

1541.
3111111
511 1111111 11111111 1111111111111111 1111 11111111 ,
1111 111 61111111 11111 111 6111111 111 61111111
111111ιι Ἢ111111111 111511 1111111 111 6111111111
,1 1 ·
. 111 11111111 111 1111111111 1111 11111·
’. 1111111 111111 111 61111111 11111111 1111111111 1111
111 111 1111111111 11111111.
. 111111111111111111111111111111111111111111111.
. 11 1111111111 1111111111. ’ .
. . 1111. 11111111 11111111 111111 111111 1111111111 111,
1111111111 1111111111 11111.
,ν 1111 1111111 111 11111111111111111111111111111
1 111111 1111111
- . ·1111111111111111111111111 111111 1111111111,
Ι’11 111 1111111111 111 1111111111 1111111111 111 11111111.

. . 11111111111111111111111111111111111111111111111
“2 . 11 11111111111111111111 111 11111111 11111111 1111111·
³ · 11111 1111111. 1111 11111111 11111111 11 111 1111111111
· ν 11 1111111111-111 11 1111 111111 1111111111 1111111111

111111 111 -
11111111111111111111111 11111111 1111111111 1111 1111 1
1111111111 11 1111111111. 11 11111111 1111111111 1111

’ 11111 111111111111111111111111111111 1111111
11111 11111111 111 11111111 111111.
11111111 111111111111111111111 1111111 1111111
1111111 11111111 11111 =

. -11111111111611111111111 1111111111 11111111
'·· ι 11111 11111111 11111. ,
9 111 1111111111 1111111 1111111111 1111 1111111111
1 11111111111111111111 11111 ’

. 911 1111111111111111111 111111 1111111111111 111. ·
11111111 111 1111111111 1111111. ⁴

· . 1111111111 11111111
. 1111111111111111111111111111111111111111111
’ · 11111111111111111111111111111111111111111111
· 11111111111111. ,· =
. 11111111111111111111111111111111111111.511111 ,
*1111111 111111 1111111111 11111 1111 1111111111
1111 111111 1111111111. ··

 

