, 0 ma.
050 00ιο 005 550500 505500 55000500 000000 550005. ’055Μ

00ιο 0050005550 0030.
fi· 0. 0

50555005 ἰ “
mmmm&

-—--·--···· 0

’ :227- &angat N⁰ MDccxcm· ’,ἔ

ι 550 05000 5500000000ιο ) ·' .*
,·. 0 tm 00000 005000 mmmmm& 5550505555· .”

m

5555000000. 205. 500. 05ω5001ώ5ὲ5οὲ0. .05. 5000 50505 00555 a
’ ι

&aaut 000 5055000 50 5500500. 00000000 555500055οιιο 5500000

005οι 0000ιο5 05 005 0050 0005 550οι0 050οι00 000ἱο &esum

- 00505 0500050 505. 05. 000500οι000 0ιο000505 000 00000000 5505050
00 0050 0000οι505 5050 0000 0005οι0000 0055000- 005005 050 00000550

000ιο 5055 550 0ιο 50055 00000 005 0000 50500ιο 050 005ιο 0005

5000000 0000500 0000 0000 550 0000 005ιο000055 0000 000050 000ιο
000 55055.

55οι0 00505500 00 000000 00 005οι5 5050 5050000 50055 055 0000
- 005 00000οιιο 000 0550505 00ιο00 500000 ’00050050 005 0000 00005
05005 005 050 005 0550000 00οιιο 500 0505 0000 050 0000005500 551
05555 00050 00550000 00055 5οι 0000055505οα0 0ιο (5055 505055 50000
05500000 0 000 500 05050 0000 50005 00οι0.

000 000 ’00000000 0000 0500 0ιο 000 00 00 0005 50005

. , 500οι50 000 00 5000505050 00 050005 5οι 0000 50500 00000055 00000

0500 00οι00 00 000000 50000 505 00 0000 0000 00οι5 50000 (d
ι 5000 ’0005) 0055505 000000 500050 00 0000055 05505 0505 00005005Ι
0000 500 0000505050 50055 0005 00000050 000 0000 (5055 05050055 005
00005 000 0000 5000050 005000 005550

00000000 0550 000 0050 000500 000 00 5550 0505055 0005οι00
500555 05550500 000 505 050 5550500055ιοιο 00050 00 0050 0ιο

, 000000000000000000 0000000000

 

