xm ,

&emm ·
Ι m. · 1.1111111111111111111111111111111111111111111
11111 1111111111.
11. 11111111111111111111111111611111. ·
&aba 1. 111 1111 111111 1111 1111111111 11111111 1111111111
111 1111111111. 111 11111111 1111111111 1111111
, γ1111111111111111111111111111. =
16. x 1. 111111 111111 1111111 111111 1111111111 11111111
, ,1111111111 11111.
11. 1111111111 11 111 11111 11111 111111 11111111.
1ο.. 6111111111 11 11111111 111111 11111111 11111111 1111.
”⁰⁰2an 1111111111 1111111111 111111111111111111 111111
’ 1. 161911α11α1ι111ᾔ611111111111 11111111 1111111111
111111 111111111111111111111111111111·
. 17. ἓῗῦἒιῑιζίμ 11111 11111. 1536. 111111111111111111111111

”mm 11111111 (111111.

11. (11111111 111 111111111111 111111.

¹ 15. 1111111 111 111111111111 111111111111111118111
111111 111611111111111111 1111111.

19. 1111111111 11111 1111111 111 11111 61111111 111
1⁵46 1111111111111111 111 1111111111.

, 311111 ’ .
1. » 1111 1111111111 11111111 1111111111 11 1111111111 m
’11 111 1111 1111 111111 11111111 111 6111111111 111
1111111111 111 1111. ·
11. 1. 1111111111 111111111111 1111111111.
18. 19. &in 111 11111111111111111111111111111111 111. 11
1111111 111 11 111 111111 11111111 1111111111111
. , 1111111111
19. 1. ..111 111) 111 61111111 11111 111 1111111111 111
’ 1111111111 111113· ,
, 11. 5111 1111111111 1111111111 11111111 11 1111111111 11
11. *) 1. 11111 1111 111111 1111 611111 111 1111111111 111
3 Ι 1111116111111111111111111111111111111111111111·

Μ

’ ’1111111111111111111111 111111.111111111111 1111111111111111-11111

a! Ἦ ι’1111111111111 11111 11111 111111 1111 1111111111 1111. 1111111111

 

