,555 - 5555.
. ’555555 “ mmm

115 155 1155115555 355555 5555515151 551 555 5555555
·· 5115515 155 55515155 551 15555 1555111555..

’ 5555555555 5555 55151555 555 1555 &mm 1555 151 emim munit·

1115151 655115551555 155115 155 comt, 5515551555, 5155 55511 1555551555 nuptu
1511555 55 655515 1555, 15 555555 55 5515515155. 5151.555155551555“1111.111
2151555555. 1111. 225 zen. 51111. 15 5115551. 51111. 152. 55151. ffl- 115.
1155155 111111. 1151. ’

§meina 5515511551551515555 551-55515 515551 115155 5551155 5555555.
(5511151555 (1155115555 5555151155 5555155155555 51155 (5511555555
Ἰ5151155 551 5515Ι 5155 151555 1515 51151 Δ55151555. 51115 511 15155 ctu!
5555555555 551 115511555515555 55115555 5551555 5555551 555
815111555511551555 1555515115515155 1551 5511555151 5551 1555555

· 1151 5155551515] 515 55511555 555 5511115555 11555155 515515

,555555 55 5155155 5555 55 5555515 151515 55115515 51511 5115555 51151
, 5551511555 655555 151515 5515 5555 5151515151 55 5511155 55555155
115 15515555 1555 55 (155151 wart 1215515 1., 1551555 555 555·
,115155 51151 555 5555555 2155555 5515515 1115 11515511115555515555
15551555 55 1555555 555 55 51555 5551551515 551 11155 5151555 5111
5515555115 155 1551515 5155 1151515155Θ111155 551 15115555.

5155 551 515 611151 55155 &urge 11 5515555555 555 5511151551
55555 11511515 555 5555555 55555555 55511515115515115515151 55551
,Δ Β115555 5515515555 5555555 1555551115 1155 55511 uttam 15
511555 555 51151155 11515 1151551 5555555· 551. 1515551555 155 5515

1 5555 5511555 555151 111511 551 11551551 55551555 115 5155155 1151555
1555555 55 155 55 1511155 515 2555515115» 5555 55 555551555115
1555155155555 5555 55 1515555155 515 5515555515515 55115551515555.

- 51155511 155 55 51511555 555 555155 5555 15555 5555155 11511
55515 (15511555 5515511155 55155 1511115 155 5511 55155515515515
ὗ. 5555 5551 51115111. 115. 55511155 55111) 5515151155 115555.Ι menn 15
55111 5515155 555151 1551515 1151151 15551 151555 1551551155 15511 e.
'auri 551 5115511. 5551155 155551 155155 1551555155 555 5555·
5511555 55555555555155155511 51511155 15555 151 1155155151
{nort 51555551 5555555515 1551155 5511511555. 1155 15551155, 15511
’ 155 155) 155155651155 55551515 155 115(1151555111555155155151555
155555555111 115 (515115 1155555511 11155 1555551115 515555 51551
Ν

 

