· ⁰ 119 . 1111.

’ 9111111111111111· 111,911111111111111111111111111.111111

- 11111111 111 1111111 11111111 91111911 111111 1119111191 1111111111 leba?
1111 11111111 111111 111111 1111119 1111111111 111111 11111011111111
11111111 111 (1911111111111111111 991 11 1111 1111111 111111 119 111
1111111 11111 11111 19111111 111 11111 1111 11111 1111111 11111 1111119-
111911111111 11111 111111 11111191 111 111111 1112111 111111
umen 1111111111111 1111 11111 1111111 1111111111ῦ1111111111111

’1911919111 111 111 111111 9111111111 9111111. 11191 111 111111 111

· 1111 111 111119 1111111119 11111111111111111191111111 11. 111111 1111

111111111111911111 1111. mat 1911191111 9111111111 1111

. Ι ”Meus ω’ 2111111911 11111111.

’ 9111111111. - 11111111111111.

' 911111 91111991911 111911111191111 11111111911111

otte 111 15119111.

11111111111111116111111111111111111111111211111911111. 11. mm 1111.
119. MDchxxxlv.) 1111111 1111111111 1111 91111111). 11111 &aftumans 91
11111111 1911111 1111111111 1191111111 1911111111 9111111.1.11111111 1111111111 1111
1111 1111111111 1111111911 11111111.

m

11111111 11111111. 11. 1111 1119111119. mmxvfl. 11111 1111111111
111111 111111111111199. 11111111. 1111111 11111111 mmmm
111111111111111119111111111111 9111111 111 31111111 11191111 911111111111 111111
111111 111 11111 111111 31111111 1111111111.

bn· 211111113111111111111611111 11111111111111119111111
11161111111111111811111 811111611111111191 61.
19111111 11111111111111111 81111111511111911111111111111
1111111111 1111111111 611111 11111 1111111 3111911111 1111 batn.

(8111111191111911.111911111111111111111111911
119 11111111 111 111 1111111111, 111 1111111111 1119111111
1911191191111911111 1111111111 1111 11111 9111111911111 11111111
11111 ,1111111 1111 1111111111 1111111 11111 11111) 1111191 61111111 11111111
1111 9111111111 111 1911 111111 1111111 1111111 19111111 6111111191
11111 11111111 11111111 1111 11111111 911111111111111 11111111 1111111

11111 1111111111 111 1111119111 1111 11111 111111 191111 111111 1111111

 

