111 ’ , 11111.

111 111 1111 6111111 1111111111 11111111 111 1111 111ῑ111111 1111

1111 61111111 1111111111 1111111111 1111 1111 11111 1111111111

11111111 111111111111 1111 11 11111 11111 111 1111 1111111 1111,

111111 11 1111111 111111111111111111 1111 11111 11111111

· 1111111111 1111 11 11 1111111 111111 -11111111111 61111111 111111
11111. .

1111 1111111111111111111111 11111 1111111 11111111 1111111111
111 11111111 1111 111111 11111 11111111111111111. 11111111 11111
111111111111111111111 (111) 11 1111111111111). 1111111111 11111
1111111111 1111111 1111 1111111111] 111 11111 11111111111111111
1111111111, 1111111111 111 1111 1111111111 1111111 11 111111
1111 1111111111 1111. menn 11 111111 1111111111111111111 111
111 1111111111 1111111 1111111(111111.1111ο.-)111κ
,1111111111111111 111111 111 1111111111 11111111
11111 (111111. 16, 11)] 111 111 111 1111111111 1111 1111111111
, 11111111111111111111 11 111111 111111 11 1111111111. 11
“ 111111 vigilare, 111111 111· &tusci btiflt leo rugienS, 111 11111111
1111111111 11111 Ι1,·11111111111 111111 11111 1111111111 31111111
111111 111111 111111 (1 1111. 11 1.), 1111111 111 11ἱ 111 wat
11111 11 1111111 1111 111111111111. 11111 11111 1111 111111
11111111 1111111111 11111111 1111 1111111111 1111111111 1111111111
’111111 11 111 1111 11111 1111111 11111111111111111111111111.
11111 1111111 111111 111111 11111 11111111 1111111111 1111111111
111111 1111111111 111 11 1111) 11111 11111111, 111111111111111 1111
11111 1111 11111 11111 1111111 111 1111 1111111 1111111111 111111

· 1111111111111111 1111111111 111111111111161111

1111 11111. 11111. 111111 1111111111111 heri et hodie 11 in

saecula, 111 11111111. 1111 1111111111] 111 11 1111 11111

1111 11111. 1111111111 1111111111 1111111111111 11111
’ 11111111 111 11111111 11111111 111111. ·

111111 11 111 1111111111 11111111 11111111 111111 1111111 11
1111111 1111111111 1111111111 11111111 11111111 1111 11111111
1111111 111111 111 11 1111111111 erat, 1111 heri. (11111. 13, 1.
&a 1111111111 111 11111 1111111111111111 1111 111 111111
1111111111 111 111111 11111111, 11111 1111 1111 111111 1111 11111
1111111 111 11111 111111 11111 1111111 11111111 111 111111 11111
1111111111 111 1111111 11111111 111 11111111 111· 1111111 11 111111
11111 (1111 1111 111111 1111111111 111 11111 111 11111 111111 1111·
111111111111111111111111111111111111111 11111111 11111111 11111111

 

