91542.

ι9999999. - ’ No. 99999999.

999 999 99999999 399999 {frictum

999999999999999999999 9999919999 9999999999( 999 9999999 &bute '
99 9999. ‚

Ει (topini. Archiv. Vinar. (99 99ί99. &um Nom. &923 899 Qut&
Ι mim. 9991.39999999991..ΙΠ.9.915, 9999999999999999999999999999.

Dm (9999999999999. 9999999999 399999 999 &mne
69999 3999999 stamas ’99999999 99 &adstent 999 ,

999. 999. acidus (9999999999 999 29999999 9999999999 ”

. 99 9999999999 9199999999 99 meissen 999 8999999999
su 9999999999, minem 9999999999 99999.

Θ 9. 9 9999 9999999999, 99999999999999 (999999
fla 99999 99 999 mir 999 9899999999 99 899999 99. 999919
99999 9999999999 9919999999 99 99 999999 me 999999 99999999
99 99999, 999999 tt 999 9. 9. (9. 999 999999 9999999999 99999.
unt 999999 9( (9999 99 99999999 9999999 99, 999 id> mit 999999Ι
&ammentum 99 9. 9. 9. (9. 9999 999999 fontes mit id> 999
tufi& 2 9. (9. ((999 999 ) 999 (9999999999 999, §titana
999 699999 999 99999999 cr 999 999 9999 99999 9919999 99 bitte
(99 9999 9999999999, 9. 9 9. (9. 99999 [ein 99999999 999
999999 uburen 999 99999999 9999 9999 (99, 999 99 999 999999
{thulen} 999999 unt 9999999 999 999999 9999 tre 999999, (991999
999 9999 99999999 999 M. 9. 9. Θ. 999999 ba (9999 999 999)
&ott 99999999 (99999 999 (99999 9999999 999999, 999 9999999999
999999 999( 9999999, 999 99 999999 999 99999 9991999 999
99999999 9999999 999999, mill 999 99999 9999999 99999999.

 

