, 3333 539
,33333333 3333333333 333333 mit 333 633333. 3333 33333 333 3333

533333 333 333333 33333333 333333, 3333333 333 3333 3333 333333.
333 3333 9333333333 3333 33333 3333333 3333 333333 3333333333 333
3333333 ’333333 333 33333 333 333333 333 33333333 33333. &a 333333
93 39 333333. Quum] 33 339 9333333333 3893333333] et, ut Cicero
33333, malevolentiia 3333 etc. 9933333 gunt.. ,333 333 333333

33 3333333.

¹ 9333 333 3333333333 3333 333 33333 333 93. 33333333 333333. “
’33 3333333. 333 333 33333333 3333333333 33333 33 3333. 3333 3333

333333 3333333 9333333, 333 33 3333333 333 3333333 333333 33333.

333 333 3333 33333 33333333 33 33 333 3333, 3333333333 33333 ’333

93333 33333 333333 33333 33333333. 333 3333 33333 3333333)

333 3333 3333333333 33 3333 3333333 33333333 3333333333 33 33333
m 3333 333333 333333. 3333 33 333 933333 333 3333 33333 33333333
33333333 33. 9333 33 33333 333333 m 333333 333333 so 333 fo
33333333 33 3333 33 3333 333 333333 33333. 333 33333 333 333
3333333333 3333,Ι 333 3333 333 333333 33333. &o 33333 333 933·
3333 33333 3333 333 3333333333. 3333333 33 3333333333 3333 33333,
3333 33 3333, 3333333. 33333333 3333333. 3333 3333333 33333333
3333 333 33333 3333333333 3333. 3333333 &ott 33 33333. 33333.

933333 3333 33333333 3333 33333 333 333 333 6333333333. 333 3333
3333333333333 333 3333333333 333 3333 33 3333, 3333 33333. 333 33 .-
33333 333333 333 93333333333333. 333 3333 333.Ι 3333 333333 33 3333

m? 93333333] 99313333. Die Ep³phan.‚1543.

,9333333 333333.

.ι,. q, 3 3,,-’·
μ’ Ι

33333333. , · ‚ mmmm.

‘· 93 3333 333’3’33333333.’·Ι

- 3. ’33333333 333 ’333333 333 93333333 333 333 33 3333 3333 33333 33333 ,
.. 333333 3333 93333333) 333333.

'm'

9333333. xll. m. w''w[;g¹⁰1⁶4}1ug5?m' 233. 33333. 233333. 533.
3

(993333 333 333333 333 33333 933333 33333 3333 9333333333 33

333 3333 3333 3333333 33333333 3333333333 3333 33333 3333 333333 3333 ¹

mv: - ' 34

 

