44444 . 444

4444444444 4444444444 4444444. 44444 4444 4. 44. 44. 444 444444,
444 (4444 44444] 4444 444 4444444 4444 444 444444) 44 44444444
4444 444444 (4444 44444444 44444 44 4444 4444 44 44444 444444
94444444 44444 44444444, 4544. · “ 2 ,

4444. Nl ·
4444444444 ’
, 4444444444 444444 w.

44444. . ¹ 4444444444.
444 444 4444444 44444444 444 4444444.

44444444 44444. ’

44444 4. 4544. 444444 44 4444 44444444 444 44444444 44444444 4444444444 4444
44444444. 'Soet 4444444 44444444 444444 sym, ,444 444 4444444444 4444444444 444 sm·
44444 444444 44444 44 444 4444444444 444 44444 44444444 44 4444444 44444444
6. 54. 44444444. mit 4444444444 444444 m 444 44444444 444444 4444444444 “
4444 444 4444444444 444 44444444 4444444 4444444 44444444. ,4444444 &rufi 44444.
&murmur 4444444444 4444 4544444444, 4444444444 4444444444 4444 444 444
«mm-unt 4444444444 44, 44444444 44444444 4444 6444444444 nm 4444444444Ι
4444444444 4444444444 4444444444, 4444444444. 44444 44444444 4444 44444 4444444
4444 4444444 44444 4444 4444444 4444444444 44 4444 4444· 44444444 444. 4444444444

4444 4444 4444444444 4444444444 444 4444444444444444 4444 44444444 44 44444 .

4444444444 44444444, 444444 44444444 444444 4444444444 4444444444 4444444444 4444Ι
4444444 uns 44444444 4444444444 444444. 4444 4444444444 444 4444444 4444444444·
444 444 4444444444 444 44444444 44444444 *J 4444 444 44 4444444444 44444 ⁵
44 4444444 4444444 4444 4444 4444444444 444 4444444444 4444444 444 4444 444 44444444
444 4444 44444444 spem 4444444 444444· 4444444444 444444 444 4444 4444444444 <mita
4444444, 444 4444 444444 44444 4444 4444444444 (444 44444444 4444 4444444444 4444
4444444 4444444444 4444444444 444 4444 44444 4444444444 44444444 4444444444 444
4444444 44444444 444. 4444444444 4444 44444 444 44444 44444444 4444· 4444444 4444
4444444 44444 4444444444 so 444444 44444444 4444444444 44444444 4444 4444444 4444444
4444444 444444 4444444444 44 4444444444, 444 4444444444 444444 44444 4444444444
’44444444 44444 (4444 4444444 444444 44444 444444 444444 444 4444 euin ,44444 44444
444444 444 444 4444444444 4444444 444 4444 44444 444444 44444 4444444444 444444.
wo 4444 44444 4444444 4444444444 44444444 44444 4444 444 44444444 44444 4444444444
444 4444444444 4444444 4444444 4444 4444 4444444 444 444 Pater 444444, 44444444 4444
44444 4444444444 444 4444· 4444 444444 &wetsten auf 4444 &tub 444444 44444 4444444
fen 4444 44444444 44444 44444444 4444444 44 44444 (4444444444 4444444 4444· 44 44444

Ι4444444 444444444444 44444 4444 4444444· 4444444 4 444444 4 S 4444 444 4444
4444444444 4444444444 444444 “

 

