5556. ⁸· 599
55555 5555555 - No. rv1Mcc'Cxxlv·.¹

Ὺ 55 55 55555555 5555. ‚ ‘
5. 555555 55 555555 555 5555555555 ,555 55 555555. ’

*- 5·“ ⁴

5555555. lx. 5555 55555. xxss 578 <m X. 555.

vem 55555555 65555555 555 5555555555 (55555555 555 55555555
⁴ 55555555 5555555555 85555555

&nabe 555 555555 555 (5555 555 55555555 555555 5555555.4 69 555

, 55555 5555555555555 855555 5555555 555555555555555 555555 555 5555·

’ 5555 55555· 555· 555 55555555, 55555 555 555555 5555 555 555555 5555 .
555555555555 55555555 55 555 5555 5555 55555 555 &leisch 9555 55·
555555 5555 3 5555555555 55555 55 5555 555 555 (5555 5555555555 5555

555 5555 5555555555 5555555 555 555 5555555555 555 5555555555 ·

551555 55555 555 555 555555 55555 5555 5555555555] 55555555 55555·
lid> 555 555555 55555555 555 555 555 555 5555555555 55555 (555555
5555555 555 5555555555 55555 5555 555 5555555 55555555
55555555 5555555 55555555 555555 555 5555 555555555. 555·
55555 5555555 5555 5555 55555, 55555555555 555555, 555 555 ,5555555
5555 55 5555555555 555 555 555 55555555 555555 ,5555 5555555555
55555555 55555 5555 555 55555 555 555555 85555555 55 5555555555
5555 (555. 56, 9555 mie 5555555555 5555Ι 5555555 555 5555
5555555 5555555 5555 &chet 55555 555555 55555555 5555 55
555555 5555 55 55555555 555 555 5555555 555 555 555555 555555
. 555 5555555555] 555555 55555, 555 55555 5555 55555 5555555555
555555 5555 5555 5555555555, 55 55555555 5555555555 555 55 555
55555 555555 55 55 5555 55555 55555 555 555 555 555 5555555 55555555,
5555 55555555 555 55555 5555 555 5555555555 55555555 5555555

55555555555555555555, 55555 5555 5555555555 5555 55555555 ’
’5555555555 5555555 555 5555 555555 5555 55555555 2

555 55555) 555555. &cb 55 555 555 55555555 55 55555 55555555

⁴ ’55555 55 555555 555, 5555 5555 555 555 555555, 555 5555 5555- 2

555555 555 555 555555 5555 555555 555 555 555555 55555 555555·
555555 5555555. &tebet 5555 555 5555555 55555 5555 555555 5555
(5555 55 5555 55555· 5555 555555 55595 9555555503 ’.555 eum

W

f ιιῐ15 5555555555555 555555 555555 5555555 555555 555555 55 555555 5555555 555
555 5555 3555. · ’

 

