’Ἳπεππ 666 ,

πσῶν πῖπ πῶππππιιι 6666166666 666 πιπι παπ 66 6666 ‘
ππ 6666661) &6666 πιππ 666 6666 66666 ππ 66 6666 666666 66
6666666. ξπ. ⁴66666666 6666666666 6666666666666 (666 666666666666 -

¹⁸6⁸ 6¹¹¹6t6666‘6666666666166666666661'666666666666666666666666666 - -

¹ 6666 666666 666666666666666666666666666666666666666, 6666
6666166: π. 6. 6666666666666666666666666666 6666 666666 ππ 6666
Ιπππιι 66 666666666 666666666 666661 66 66666 6666 66666 ππ 6666·
“ 66666 6666666 66666666666 666666 ππ 6666 6666666666 66666 666666 .
666 66666666.

ι 666 6666 66666666 666666666666666666666666666666661
666 6666666666616666 πιππππμ 666 666 6666 6666 66 66 6666
666666661 6666 666 666666 6666 666 666 6666 63 6666 66 66 6666 66·
66666 666 6666 π πππππι 66 6666 66666 66666 666 6666 666666666.
666 666 6666 66666. 6666 666 666 666 6166 666666666 666 66 6666

. 6²66 66666666 66666666 6666 666166666661666666616666666666 ’

666 6666. 6666 6666 666 666666 ππ 666166 6666 666 6166666
6666. '666 666666 ππ 666666 6166666616661 6666 6666666 πππππ 666

666666166666666616666666666 6666666666 ππ 6666661 66616666 666 , ·
6666 ππ 666 &6666 666666661 666 6666 666666666 6666 666 6666 666· A

ππ. 666666 ππ 66 6666666 66616666666 6666661666 66666666 666
66666666 6666 6666 666666666666 66666 666666 6666666666. 666 66
πσππ 666 66666666 6666666 66 (666666 666666 6666‘166616 6666 666

26366696: Dent. XX6.: Si homo habuerit dnus uxores 666. 6666 Ι

6666 6666'666 6666666666 66666 66666 6666666666. 66661‘66 6666
Ἰ 666 6666 6666666 666 666 &6666 6666 666 666 666 666666

6666 66666 6666666 6666 6666 66 6616 6666 66666661 6666 6166 ·
1 66666 666666 σππππιπιπππς 6666 66 6666 66666666 666 66666 6666
’ 666-666 6666 666666666666. 66666666666666661666666666666666 ¹,

6626611.)61x.2 Et erunt duo m earnem ninam etc, 666 66666666 “

, 6666666666'666666166666666666666616666&6666666666666666 ,
666 πππ 6666 666 666 6666 6666 ππ 666666 6666 6666 666666666666' ·

πππσππ 6666 616 66 6666 66 666666666 666666666 666116666 ππ
6666666 666666 6666 66666666666 6666 666666666 6666 6666666 666 666
πισππ, 66666166 166666666666 66666666 6666 666666 666 6666
6666 6666 66666666 666663 66 66 666666 66666 666 666666 6666
6666 666 666666 666 6666 6666 Pastori6, 6666 6666 M‘NJW ·
6666ss 6666666 6666 6666666666 ππ 666666. 6666 666666 6666

ππππ 66 666666666666. , .

π) Α. 6666666· -666 6666 66.

 

