111 Ι 1111.

- . Θ· 11. 1. im ,1111111111 1111111 1111111111· 11111111. 911111 « = .

1111111111111111 111111 1111111111 111111 11 111 1111
1111111 1111111 1111111111 111 1111111111111 11111111 111 11 '-.
111111 11111111111111111 1111 11111111 1111 111111111111111
1 1.1.11.1111111111111111 1111111191 1111111ῑῦ1111
111111 111111111111 11111 111111 1111111111 111 11 111 1111111111
11111 1111111111 11 11111 1111111111 11111 111111 111111 1111111 111 111111
11111111)11111’1111111111.11 1 1 11111111111111111111111
111 1111111 111 1111111 1111) 1111111111 11 11111111111111111111

· = 11111111111111111111111111111111111111111111. ,91111111

61111111111-1111 11111 1111111111 1111 11111111 1111 11111111

’ 111 1111111111 111 111 1111 11111111 1111 1111 11111 11 111 1111

1111 111111111611111111 1111111111111111 1111 1111111111 1111111111

. 11111111111. 1111 11 1191. 111111 111 1111111111111111111

1111 1111111111 1111111 1111111111 111 1111 111 ἐ. 111. θ. vatiam
1111 tenuabit 1111111 1111111111 1111111111 1111111111 11111
1111111111 1111111 fi. Ω. 1. 11. 11111111 1111111111 111111111111
- 911111 1111111111 1111111. 11111 1111111111 111111 11111 1111111111
1111111111 111111111111111111111111111111.Ω 1. Θ. 11111111
1111111 1111111 111 111111 11 1111111 11111111 11111 11 111· tufa

11Ᾰ1111111111111111111111111111111111111111111 9111111.

&t 11111111 1511.

Ε 11 1 O.
1111111111111

111

91111. 1111111.

Ι 1111111111. ‘ 1111111111ηῇ
“ 111111. 11111.

11111111111111111 11111111 111 11111111111111111. ·

11111 111 1111111111 1111111111 111 1111111111 111 6111111111, 1111111111
111. 1111111111 111 cod. Palat. 111. p. 11.

wit? 6111 11 111111 11111 111111111111111111111111
111111 11111111 1111111111 111111 111 111111 111 11111111
11111111 11111111 111 1111111111111 1111 1111 1111111111 111

1 .

 

