476 ’ 4444.
“ Ι0044444. · .· 4444444.
444 444 4444444444 444444 44444444.

’ 4. 44444 4444444 444 4444 444 4444 4444444444 44444444 44444444 444 44 4444444
· 4444 04444444 4444444444 444 444 44 44444444.

μ

44 4444444 44444444 0444444404 444. &a 444444 4444 4444 44444444
. 44444444 144 444 4444444444 444 44444. 0444444440 44444 wc 0404441404·
444 e 74.) 04444444 4. 4444. 440. mmm: 44444444. vlm, 244444·

’ XXI. 409. 4044444 xvn. 464.

· &nabe 444 44444 444 044444. »4444444444 4444444444
40444 04444444 44444 044 44 444 4444444 4444444 444 444
44444 444 0444444444 444 44444 444 444 0444444444 44 444 44444

’ 4444 4444444444 44 4444444 4444444444 444 44444444 0444444444 -

444 4444 44 44 4444444440 44444 44 4444444444 4444 44404444
4444 444 44 44444 4444 444444 44444 44444 4444444444. 044 444
444 4444 44444444 444 44444 44444 444 44444 4444444444 44444444
444 4444444 444444 4444 44 44444444 44444444.

0440 4. ff. 0. 44 44444444 444444 4444444 444 444 4444
4444444444 4444444444 444444 4444 444444 0. 2 4. 0. 44444444 0.
04444444 444 0 044 4444 4444444444 4444444 4444444444 4444444
44 4444444444 444 444 0444 4444444 44 444 044444 4444444444
· 444444 444444 4444 0444444 44 44 4444 44444444 444 44 m
4444444 44444 44444 4444444444 4444444. 0444 44 44 0444444
04444 4444444 4444444 0 0 U 0 44444444 444 44444 444444
444 0444 4444444444 444444 444 44444 4444 444.. 04 44444 0444
444 444 444 4444444444 4444 44.

0444444444 44444 4444 44 4444 44444444 4444 (44 444 4444444
044444 4444444444) 444 44 444 4444444444 4444444 0444 44444 444
4444444444 4444 4444444444 44 4444444 44444444 44 44 4444444
4444 0444 4444 44 044444 4444444. 044 44 44 444 444 044444
4444444 44 4444444 44444 44 444 0444 4444444444 44444444 bt·
44444444 444 44 444 04444 444444 44 4444 4444444 444 0444 44
644 444444 44 4444 444444 04444 4444444440 444 4444444 44
444444 44444444 444444 44 4444444444 44444 4444444444 4444444

³ ' 44444444 44. 4444 4444 44 4444444 44444 444 444444 04444.

444444 4444 04444 44 4444 44444 44444 444444 4444 44444444
44444 444 4444 44444 4444444444 44 444444 444 4444444 444444

 

