368 om

111 1111111111 1111 1111111. 111 11 111111 11111111 1111111111
1111111. 1111111111 1111111 11111111111111111111 1111 1111111

“ 1111 1111111111 11. 11 111111111111111111111111111111111111

11 11111 11111111 11111. 111 1111111 1111 11111 111111 1111 111
1111111111 111111. · 111111 111111 1111 1111111 11111111 1111 1111·
11111111 111 11 11111111 (11 1111111111 1111111 1111111111
1111111. 11111111111611111 1111 11111 11111111 1111 11111111 111111
111 8111111 1111111111 11111111 11111) 11 111111 11111111 111111Ι
11111 11111111111111111111 11111111.

’ . , . 1111111111 111 1111 1111 11111 6111111111. 111 1111111111

111111 11111 1111111 111611111111111111111 11111 111111. 111111

’ 111111 1111111111111111111116111111111. 11111 1111 1111

&onoc 11111 111111 1111111 11111111. 1111 81111111 1111 1111111
1111111 111111. 11111 11111 1111111111. 111 1111111111 11111
11111 111111 111111. 11111 111111 1111111 11111 1111 1111111
11111 11111111 1111111 111111 11111 1111 1111111111, 1111 11111111
111 11111111 111 111 1111111111. . .
1111111111111111111.1111111111. 111 1111111111 111111
1111111111111111111111.1111111 1111 1111111111 111 111 ,
1111111111) 11111111 1111111111111 11 111111111111111111 1111111
111111111111111111181111111111 111 11111111 11111111 111111
11111· 11111 11111111111111 111111 11111111 1111 111 11111
11111111 1111111111 111111111111111111111 1111 111 111 1111
11111111 11. 11111 11 1111111111 1111 1111 111 61111111]
111111 11111111 11111111111111111111. 111 11111111
1111111(1)1111. 1111111111 m 11111 suscipite. ffltnn 8111111
1111111111, 111111111111111111111 1111 11111 1111 1111 11111111
“ 111 11111 11111 11111 11111111 11111111 1111111111111111111
111111111111111 111 1111111 111111 11 111111 6111111. 111 111·
11111111 11111 11111111 1111111111 1111 111 1111111, 111
, · 1111111111 111111111111111111111 111111.
· - 1111111111 111 1111 11111111 1111111111111111111 111 11111111

· 111111. 11111 11111 111111 11111111 1111111111 111111 1111111

111111 111111 111 111111 1111 11111111 11111 11 111 1111111 11111111

. 11111111 111 1111111111111111 111 11111 1111111 1111111111 11

111111, 111111 11111111111111. 111 111111 111 11111. 1111111

’ , 111111111μη1111111111111111111111 1111111161. 111111

. [nott Quomodo audient sine pme'dicante, quomodo 11111111.
·. dicabunn nisimintantureto. 1111111111111111111111111111 ·
, 1111111111 11111111 111· 11111111 111111. ·

 

