‘¹ 1511. 171

11111 111111111111111 6111111111 31111111 1111611111
&mn 3111111811111116115111111 6111111 111
111111. 111111111111111111 1111111111 1111111
111111111111111 mmmm 111 1111111111 8111111111
111 1111111111. 1111111 1111111111 61111.

1

&nube 111 111111. 11111111111111 111111111111111111ι 111

1111111111 wit 11111 11111111 111 1111111111 1111111111111
11111111 1111111111 11 1111 111111 111111 11111111111111
1111111111 1111111111 111 11111111 1111111111 11 1111111111
61111111 111 111111 11111111 1111111111] 1111111 1111111111
· 1111111111111111111111111111) 1111 11111111111111 111111 ’
1111111 1111 111) 11111 11111111111111 111111 111111 111111
(11111111 1111111111 111111) 11111 11111111111111111 1111111
n 111111 1111 11111 1111111 111 111111 ¹) 1111111111 611111 ortt
11111 1111111 1111 11111 11111.

’1111111111 11111 {tin 11111111111111111111 1111111111) 11111Ι
1111111111111111111111111111611111111111111111,111 , ’
m. 1111111111 1111111111111111. 11111 1111 1111111111 111
1111111111111111111111 11111 111111 1111111 111 111111.Ι

111 111 111 1111111111 11111111111111611111 (111 m
1 {1901 11111111111111. 11 11111 11111111 11611111,
11111. 1111116111111111111111111 1111 1111111111 11111,
11111 111 1111111111 11 1111 11111111 1111 11111 111111 1111111
· 11111111111111111111 11111111 1111 1111111 111 11 1111
’111111 11111 1111111 1111111111111111111111ζ1.’.11(1111
11111111 6111111111 1111111 11111 1111. 111 6131111111
tofles 1⁵41.¹ ¹
Μ. ὅ. 1
. , ’1111111111
’· 11111111 111111 111
11111111 1111111111 1111111111)

ιιι-Μ

1) 111 1111. 111111. 1) 1. 111111 111 111111 ,1111111 111 111 111111 11
111 1111111111. .

'naam

 

